0 0.915625 0.54609375 0.07734375 0.01484375
0 0.81484375 0.52890625 0.04765625 0.01171875
0 0.76171875 0.5171875 0.03359375 0.00859375
0 0.72421875 0.51171875 0.0328125 0.00703125
0 0.69765625 0.50390625 0.0265625 0.0046875
0 0.67890625 0.503125 0.02421875 0.0046875
0 0.66328125 0.49765625 0.01640625 0.003125
0 0.61796875 0.48984375 0.015625 0.003125
0 0.65078125 0.49609375 0.015625 0.003125
0 0.64296875 0.4921875 0.01171875 0.00234375
0 0.63359375 0.49140625 0.01171875 0.00234375
0 0.60234375 0.48828125 0.0109375 0.003125
0 0.125 0.553125 0.05625 0.009375
0 0.04375 0.521875 0.01796875 0.00390625
0 0.06875 0.5125 0.01484375 0.00390625
0 0.1890625 0.5171875 0.0359375 0.00859375
0 0.1640625 0.50625 0.0109375 0.00390625
0 0.2453125 0.53125 0.05 0.00703125
0 0.31171875 0.5203125 0.04140625 0.00625
0 0.35703125 0.51015625 0.02890625 0.0046875
0 0.3875 0.5046875 0.01875 0.00390625
0 0.4109375 0.5015625 0.01484375 0.003125
0 0.42578125 0.49765625 0.009375 0.003125
0 0.43984375 0.4953125 0.015625 0.00390625
0 0.45078125 0.49375 0.0125 0.003125
0 0.4609375 0.49296875 0.01171875 0.003125