0 0.41328125 0.8796875 0.0265625 0.00625
0 0.4890625 0.890625 0.0375 0.00703125
0 0.5546875 0.8625 0.015625 0.0046875
0 0.603125 0.8671875 0.009375 0.0046875
0 0.6390625 0.88046875 0.01484375 0.00703125
0 0.7453125 0.88984375 0.021875 0.00703125
0 0.828125 0.87734375 0.021875 0.00703125
0 0.92109375 0.87890625 0.03203125 0.00625
0 0.909375 0.86796875 0.0109375 0.00546875
0 0.71640625 0.8640625 0.0140625 0.00390625
0 0.16484375 0.87421875 0.01640625 0.00546875
0 0.39921875 0.85390625 0.01328125 0.0046875
0 0.109375 0.853125 0.0359375 0.00546875