0 0.9515625 0.78984375 0.08125 0.02890625
0 0.65859375 0.69296875 0.028125 0.01484375
0 0.596875 0.665625 0.01484375 0.0078125
0 0.57421875 0.653125 0.00703125 0.00546875
0 0.559375 0.64609375 0.0078125 0.00546875
0 0.5484375 0.64140625 0.00625 0.003125
0 0.54296875 0.640625 0.00859375 0.00390625
0 0.5390625 0.63828125 0.0046875 0.00234375
0 0.534375 0.6375 0.00546875 0.00234375
0 0.5328125 0.63515625 0.00546875 0.0015625
0 0.52890625 0.6328125 0.0046875 0.0015625
0 0.51875 0.63046875 0.003125 0.0015625
0 0.5203125 0.63046875 0.00390625 0.0015625
0 0.52734375 0.63203125 0.0046875 0.00234375
0 0.52578125 0.63125 0.00390625 0.00234375
0 0.525 0.63125 0.00390625 0.00234375
0 0.51484375 0.62890625 0.003125 0.0015625
0 0.35625 0.66640625 0.03984375 0.0125
0 0.41796875 0.66015625 0.0171875 0.00703125
0 0.44765625 0.65234375 0.01171875 0.0046875
0 0.45859375 0.65078125 0.00703125 0.00390625
0 0.4640625 0.6390625 0.00546875 0.003125
0 0.46953125 0.6328125 0.00625 0.00390625
0 0.47734375 0.63359375 0.0046875 0.003125
0 0.48125 0.63515625 0.003125 0.00234375
0 0.48515625 0.63125 0.003125 0.00234375
0 0.48671875 0.6296875 0.003125 0.00234375
0 0.49140625 0.62890625 0.003125 0.0015625
0 0.49453125 0.62890625 0.00390625 0.0015625
0 0.49765625 0.62734375 0.00390625 0.0015625
0 0.50078125 0.62734375 0.003125 0.0015625
0 0.04453125 0.83515625 0.0890625 0.0390625
0 0.8703125 0.64453125 0.0140625 0.0078125
0 0.82421875 0.64375 0.009375 0.00703125
0 0.6140625 0.63125 0.00390625 0.003125
0 0.609375 0.63125 0.003125 0.00234375
0 0.61953125 0.63125 0.003125 0.003125
0 0.6265625 0.63125 0.003125 0.00234375
0 0.63359375 0.63203125 0.00390625 0.00234375
0 0.64296875 0.63203125 0.0046875 0.00234375
0 0.67421875 0.63359375 0.00546875 0.00390625
0 0.68984375 0.6359375 0.00625 0.00390625
0 0.70703125 0.63671875 0.00546875 0.003125
0 0.7296875 0.6375 0.00625 0.00390625
0 0.75703125 0.63984375 0.00625 0.00390625
0 0.79140625 0.64296875 0.009375 0.0046875
0 0.14765625 0.665625 0.00703125 0.0046875
0 0.21640625 0.66015625 0.01171875 0.0046875
0 0.2671875 0.65390625 0.00703125 0.00390625
0 0.28671875 0.65234375 0.0078125 0.00390625
0 0.303125 0.6484375 0.00546875 0.0046875
0 0.31875 0.646875 0.00546875 0.003125