0 0.03203125 0.56640625 0.025 0.0140625
0 0.07734375 0.57890625 0.009375 0.0078125
0 0.06796875 0.56484375 0.0234375 0.00703125
0 0.090625 0.57734375 0.00703125 0.00546875
0 0.1390625 0.5890625 0.01171875 0.00859375
0 0.153125 0.61875 0.0125 0.01015625
0 0.19296875 0.6 0.009375 0.00625
0 0.26015625 0.63671875 0.0125 0.00703125
0 0.18125 0.56875 0.00703125 0.00546875
0 0.2328125 0.56640625 0.00625 0.00390625
0 0.21875 0.5625 0.003125 0.00234375
0 0.246875 0.5625 0.00390625 0.003125
0 0.296875 0.5734375 0.0078125 0.00390625
0 0.28203125 0.5640625 0.0046875 0.00390625
0 0.290625 0.5671875 0.00546875 0.00390625
0 0.325 0.7421875 0.0515625 0.03515625
0 0.40234375 0.60234375 0.0109375 0.00625
0 0.46953125 0.62578125 0.01640625 0.01171875
0 0.53671875 0.60078125 0.00859375 0.0078125
0 0.59921875 0.58125 0.01328125 0.0078125
0 0.67734375 0.64453125 0.01640625 0.01171875
0 0.721875 0.73828125 0.02578125 0.02578125
0 0.771875 0.61328125 0.02109375 0.01484375
0 0.85390625 0.5796875 0.00625 0.00546875
0 0.89921875 0.58984375 0.0140625 0.009375
0 0.7859375 0.58515625 0.00625 0.00703125
0 0.61796875 0.5703125 0.0234375 0.00859375
0 0.575 0.57421875 0.00546875 0.0046875
0 0.74375 0.58125 0.00703125 0.00546875
0 0.7578125 0.5640625 0.00546875 0.00390625
0 0.79296875 0.56640625 0.00390625 0.00390625
0 0.84140625 0.565625 0.00625 0.003125
0 0.8484375 0.575 0.00390625 0.003125
0 0.82734375 0.56640625 0.00390625 0.003125
0 0.51328125 0.5640625 0.003125 0.00234375
0 0.50859375 0.56015625 0.003125 0.00234375
0 0.54296875 0.56328125 0.0015625 0.00234375
0 0.55078125 0.5640625 0.00234375 0.0015625
0 0.55390625 0.56328125 0.0015625 0.0015625
0 0.55703125 0.5609375 0.003125 0.00234375
0 0.57109375 0.55859375 0.00234375 0.00234375
0 0.5890625 0.55859375 0.003125 0.00234375
0 0.4640625 0.56484375 0.003125 0.00234375
0 0.48515625 0.5734375 0.00625 0.00390625
0 0.44765625 0.56640625 0.00546875 0.003125
0 0.45703125 0.559375 0.01015625 0.00390625
0 0.45859375 0.56171875 0.003125 0.00234375
0 0.4109375 0.559375 0.00703125 0.00390625
0 0.415625 0.5578125 0.00234375 0.003125
0 0.375 0.565625 0.0046875 0.00390625
0 0.32421875 0.56328125 0.0046875 0.00390625
0 0.3109375 0.55703125 0.003125 0.003125
0 0.009375 0.5625 0.00390625 0.003125
0 0.01328125 0.559375 0.00390625 0.00234375
0 0.00234375 0.5546875 0.003125 0.00234375
0 0.0546875 0.55390625 0.00234375 0.00234375
0 0.05859375 0.55546875 0.00234375 0.00234375
0 0.1328125 0.56171875 0.00625 0.003125