0 0.434375 0.78984375 0.16328125 0.04375
0 0.678125 0.678125 0.04921875 0.01484375
0 0.5453125 0.65078125 0.021875 0.00546875
0 0.5890625 0.6296875 0.01171875 0.00546875
0 0.62734375 0.6328125 0.0125 0.00546875
0 0.63828125 0.62890625 0.00625 0.003125
0 0.6984375 0.6328125 0.0046875 0.003125
0 0.7171875 0.6421875 0.01328125 0.003125
0 0.74609375 0.65390625 0.03359375 0.00703125
0 0.65625 0.6125 0.00546875 0.003125
0 0.64296875 0.615625 0.00546875 0.003125
0 0.646875 0.6125 0.00390625 0.00234375
0 0.1765625 0.60078125 0.01171875 0.00546875
0 0.25703125 0.59765625 0.0078125 0.00390625
0 0.23828125 0.5984375 0.00546875 0.003125
0 0.1328125 0.60078125 0.0046875 0.003125
0 0.3578125 0.59296875 0.009375 0.00546875